60 90 -42 16 69
91 87 89 -75 8
-67 -47 56 -18 -28
18 52 31 -38 74
-69 -99 100 -99 -34
-63 -44 81 -67 -42
-33 60 -46 50 -44
-33 -1 91 -93 14
-32 10 -40 59 11
56 -50 -44 -80 13
14 -31 -29 29 -27
-16 -77 45 59 -30
-100 0 -71 -67 -21
81 95 -4 -19 -8
-15 -2 -85 -40 -65
-40 -13 65 -36 83
-61 41 -72 54 68
-21 69 19 -17 -36
-69 85 -72 -8 -79
90 -68 -63 88 -42
96 -39 -54 37 61
-81 -38 -85 -90 49
-30 -63 -54 -16 53
-100 1 -75 -87 12
91 -97 -81 36 68
75 91 -14 -34 19
-35 17 99 -14 -10
4 76 -77 -28 38
31 -79 41 -31 -95
83 -45 29 -2 -21
1 82 -81 -44 0
-77 38 98 -29 8
37 -61 71 -51 40
10 -68 -61 -94 18
-49 15 -100 -10 -39
30 -54 -12 -42 40
-81 27 -5 58 88
55 66 -97 -66 82
28 48 93 -28 -29
83 14 -11 53 -24
14 -52 -86 59 51
-64 -38 15 -36 45
-68 -4 24 58 52
74 -62 -84 -58 -82
-97 69 8 71 -35
30 -84 -100 -4 -32
26 50 43 37 -63
-84 -66 70 0 45
83 60 -28 73 -44
1 -95 -17 -66 -4
31 -15 100 30 27
-53 -73 -61 -38 33
73 80 -73 61 -86
-80 63 56 91 8
87 24 -62 -57 47
-36 94 -62 31 -29
-33 -31 63 -61 7
46 93 39 -65 -52
-73 -20 73 -6 72
-10 100 -56 -40 17
-95 33 -44 -5 -24
12 11 100 -64 32
33 -59 83 -78 -94
-32 -38 -16 -6 -35
35 81 13 52 14
-44 -37 86 -53 -22
-4 52 79 -76 -23
-51 61 -93 1 -88
10 71 -30 -96 -17
-75 73 -52 26 47
78 11 41 -17 88
68 21 23 26 27
-24 37 31 -46 40
58 9 45 -17 27
33 17 -62 -59 66
92 20 -8 -69 4
-11 -79 -32 -75 -30
-25 42 35 49 -32
-62 -45 87 61 73
-68 -98 84 -55 48
-95 -73 -85 -83 93
-77 15 70 -96 83
35 97 -79 36 -45
-56 -27 61 -89 95
-7 -80 0 -36 -19
-14 -48 43 -12 86
54 30 37 -11 22
0 83 -84 -31 -19
-8 50 12 -17 7
88 -38 -10 56 -9
36 -90 17 -36 4
73 43 7 62 78
-31 -54 -43 32 31
75 -13 -55 37 -86
23 -80 -19 71 10
4 63 38 -34 56
56 35 -25 -46 27
96 22 47 -86 -43
21 -91 49 -55 55
12 36 -61 8 -23